163208757248,TYPE,ANY,ANY,ANY
163208757249,TYPE,User,User,User
163208757250,TYPE,int,int,int
163208757251,TYPE,string,string,string
